																-0.023 -0.430 -8.479
																-1.849 -0.430 -8.045
																-0.023 -1.330 -8.045
																1.977 -0.764 -8.045
																1.977 -0.430 -8.212
																2.222 -0.430 -8.045
																-0.023 1.570 -8.232
																-0.710 1.570 -8.045
																0.467 1.570 -8.045
																1.977 -0.008 -8.045
																-0.023 1.877 -8.045
																-2.023 -4.430 -6.789
																-3.162 -4.430 -6.045
																-2.023 -5.208 -6.045
																-0.023 -5.524 -6.045
																-0.023 -4.430 -7.079
																1.977 -5.331 -6.045
																1.977 -4.430 -6.917
																2.977 -4.430 -6.045
																-4.023 -2.430 -6.996
																-5.192 -2.430 -6.045
																-4.023 -3.796 -6.045
																-2.023 -2.430 -7.415
																-0.023 -2.430 -7.619
																1.977 -2.430 -7.528
																3.977 -3.462 -6.045
																3.977 -2.430 -6.949
																4.924 -2.430 -6.045
																-4.023 -0.430 -7.211
																-5.513 -0.430 -6.045
																-2.023 -0.430 -8.000
																3.977 -0.430 -7.234
																5.538 -0.430 -6.045
																-4.023 1.570 -6.963
																-5.264 1.570 -6.045
																-2.023 1.570 -7.747
																1.977 1.570 -7.638
																3.977 1.570 -7.042
																5.330 1.570 -6.045
																-4.023 3.570 -6.147
																-4.143 3.570 -6.045
																-2.023 3.570 -7.008
																-0.023 3.570 -7.395
																1.977 3.570 -7.274
																3.977 3.570 -6.350
																4.348 3.570 -6.045
																-4.023 3.689 -6.045
																-2.023 4.859 -6.045
																-0.023 5.337 -6.045
																1.977 5.200 -6.045
																3.977 3.931 -6.045
																-2.023 -6.430 -4.731
																-3.267 -6.430 -4.045
																-2.023 -7.020 -4.045
																-0.023 -7.341 -4.045
																-0.023 -6.430 -5.072
																1.977 -6.825 -4.045
																1.977 -6.430 -4.519
																3.025 -6.430 -4.045
																-4.023 -4.430 -5.550
																-5.752 -4.430 -4.045
																-4.023 -6.073 -4.045
																3.977 -6.072 -4.045
																3.977 -4.430 -5.269
																5.497 -4.430 -4.045
																-6.023 -2.430 -5.083
																-6.850 -2.430 -4.045
																-6.023 -3.982 -4.045
																5.977 -3.639 -4.045
																5.977 -2.430 -4.828
																6.658 -2.430 -4.045
																-6.023 -0.430 -5.561
																-7.175 -0.430 -4.045
																5.977 -0.430 -5.583
																7.056 -0.430 -4.045
																-6.023 1.570 -5.355
																-7.088 1.570 -4.045
																5.977 1.570 -5.404
																6.990 1.570 -4.045
																-6.023 3.570 -4.214
																-6.171 3.570 -4.045
																5.977 3.570 -4.173
																6.098 3.570 -4.045
																-6.023 3.761 -4.045
																-4.023 5.570 -4.502
																-4.533 5.570 -4.045
																-2.023 5.570 -5.460
																-0.023 5.570 -5.802
																1.977 5.570 -5.666
																3.977 5.570 -4.394
																4.348 5.570 -4.045
																5.977 3.703 -4.045
																-4.023 6.003 -4.045
																-2.023 6.892 -4.045
																-0.023 7.099 -4.045
																1.977 6.904 -4.045
																3.977 5.891 -4.045
																-4.023 -6.430 -3.392
																-4.970 -6.430 -2.045
																-4.023 -7.112 -2.045
																-2.023 -7.705 -2.045
																-0.023 -7.910 -2.045
																1.977 -7.809 -2.045
																3.977 -7.082 -2.045
																3.977 -6.430 -3.398
																4.793 -6.430 -2.045
																-6.023 -4.430 -3.562
																-6.761 -4.430 -2.045
																-6.023 -5.424 -2.045
																5.977 -5.290 -2.045
																5.977 -4.430 -3.269
																6.679 -4.430 -2.045
																-7.385 -2.430 -2.045
																7.566 -2.430 -2.045
																-7.748 -0.430 -2.045
																7.774 -0.430 -2.045
																-7.673 1.570 -2.045
																7.972 1.570 -2.045
																-7.206 3.570 -2.045
																7.410 3.570 -2.045
																-6.023 5.408 -2.045
																-5.830 5.570 -2.045
																5.977 5.570 -2.275
																6.154 5.570 -2.045
																-4.023 6.824 -2.045
																-2.023 7.570 -2.413
																-2.381 7.570 -2.045
																-0.023 7.570 -3.305
																1.977 7.570 -2.178
																2.109 7.570 -2.045
																3.977 6.907 -2.045
																5.977 5.746 -2.045
																-2.023 7.787 -2.045
																-0.023 8.424 -2.045
																1.977 7.645 -2.045
																-5.438 -6.430 -0.045
																-4.023 -7.517 -0.045
																-2.023 -8.101 -0.045
																-0.023 -7.959 -0.045
																1.977 -7.780 -0.045
																3.977 -7.271 -0.045
																5.031 -6.430 -0.045
																-7.014 -4.430 -0.045
																-6.023 -5.773 -0.045
																5.977 -5.567 -0.045
																6.918 -4.430 -0.045
																-7.705 -2.430 -0.045
																7.965 -2.430 -0.045
																-8.023 -0.430 -1.477
																-8.618 -0.430 -0.045
																-8.023 -1.802 -0.045
																7.977 -2.334 -0.045
																7.977 -0.430 -1.085
																8.253 -0.430 -0.045
																-8.023 1.570 -0.790
																-8.325 1.570 -0.045
																7.977 1.570 -1.603
																8.003 1.570 -0.045
																-8.023 2.005 -0.045
																-7.238 3.570 -0.045
																7.977 1.614 -0.045
																7.291 3.570 -0.045
																-6.023 5.435 -0.045
																-5.919 5.570 -0.045
																6.332 5.570 -0.045
																-4.023 7.344 -0.045
																-3.541 7.570 -0.045
																3.977 7.010 -0.045
																2.917 7.570 -0.045
																5.977 5.947 -0.045
																-2.023 8.243 -0.045
																-0.023 8.423 -0.045
																1.977 8.091 -0.045
																-4.704 -6.430 1.955
																-4.023 -6.950 1.955
																-2.023 -7.662 1.955
																-0.023 -7.904 1.955
																1.977 -7.670 1.955
																3.977 -7.090 1.955
																4.822 -6.430 1.955
																-6.646 -4.430 1.955
																-6.023 -5.225 1.955
																5.977 -5.245 1.955
																6.675 -4.430 1.955
																-7.354 -2.430 1.955
																7.558 -2.430 1.955
																-8.023 -0.430 1.406
																-7.754 -0.430 1.955
																7.977 -0.430 1.630
																7.925 -0.430 1.955
																-8.023 1.570 1.343
																-7.904 1.570 1.955
																7.977 1.570 0.412
																7.908 1.570 1.955
																-7.193 3.570 1.955
																7.256 3.570 1.955
																-6.023 4.929 1.955
																-5.340 5.570 1.955
																5.977 5.570 0.848
																5.977 5.197 1.955
																5.538 5.570 1.955
																-4.023 6.740 1.955
																-2.202 7.570 1.955
																3.977 6.817 1.955
																2.555 7.570 1.955
																-2.023 7.687 1.955
																-0.023 8.229 1.955
																1.977 7.921 1.955
																-4.023 -6.430 3.142
																-3.219 -6.430 3.955
																-2.023 -6.949 3.955
																-0.023 -7.198 3.955
																1.977 -6.948 3.955
																3.977 -6.430 3.052
																2.880 -6.430 3.955
																-6.023 -4.430 3.402
																-5.739 -4.430 3.955
																-4.023 -6.054 3.955
																3.977 -5.888 3.955
																5.977 -4.430 3.097
																5.494 -4.430 3.955
																-7.054 -2.430 3.955
																-6.023 -4.113 3.955
																5.977 -3.779 3.955
																6.848 -2.430 3.955
																-7.161 -0.430 3.955
																7.303 -0.430 3.955
																-7.208 1.570 3.955
																7.161 1.570 3.955
																-6.540 3.570 3.955
																6.424 3.570 3.955
																-6.023 4.138 3.955
																-4.560 5.570 3.955
																5.977 4.097 3.955
																4.588 5.570 3.955
																-4.023 6.097 3.955
																-2.023 7.570 2.205
																-2.023 7.085 3.955
																-0.023 7.570 3.045
																-0.023 7.132 3.955
																1.977 7.570 2.467
																1.977 6.828 3.955
																3.977 6.094 3.955
																-2.023 -6.430 4.660
																-0.023 -6.430 5.059
																1.977 -6.430 4.536
																-4.023 -4.430 5.806
																-3.820 -4.430 5.955
																-2.023 -5.490 5.955
																-0.023 -5.634 5.955
																1.977 -5.194 5.955
																3.977 -4.430 5.575
																3.304 -4.430 5.955
																-6.023 -2.430 5.186
																-5.279 -2.430 5.955
																-4.023 -4.269 5.955
																3.977 -3.858 5.955
																5.977 -2.430 5.249
																5.215 -2.430 5.955
																-6.023 -0.430 5.592
																-5.682 -0.430 5.955
																5.977 -0.430 5.508
																5.538 -0.430 5.955
																-6.023 1.570 5.327
																-5.365 1.570 5.955
																5.977 1.570 5.294
																5.371 1.570 5.955
																-6.023 3.570 4.570
																-4.589 3.570 5.955
																5.977 3.570 4.488
																4.346 3.570 5.955
																-4.023 5.570 4.562
																-4.023 4.160 5.955
																-2.023 5.570 5.646
																-2.023 5.186 5.955
																-1.038 5.570 5.955
																1.977 5.570 5.937
																1.977 5.554 5.955
																1.907 5.570 5.955
																3.977 5.570 4.565
																3.977 3.934 5.955
																-0.023 6.052 5.955
																-2.023 -4.430 6.833
																-0.023 -4.430 6.881
																1.977 -4.430 6.675
																-4.023 -2.430 6.913
																-2.023 -2.430 7.294
																-0.023 -2.430 7.566
																1.977 -2.430 7.322
																3.977 -2.430 6.772
																-4.023 -0.430 7.149
																-2.023 -0.430 7.868
																-1.579 -0.430 7.955
																-0.023 -1.360 7.955
																1.977 -0.624 7.955
																2.157 -0.430 7.955
																3.977 -0.430 7.196
																-4.023 1.570 7.108
																-2.023 1.570 7.761
																-0.023 1.413 7.955
																-0.023 1.570 7.924
																1.977 1.570 7.798
																1.977 0.248 7.955
																3.977 1.570 7.089
																-4.023 3.570 6.440
																-2.023 3.570 7.215
																-0.023 3.570 7.424
																1.977 3.570 7.188
																3.977 3.570 6.263
																-0.023 5.570 6.350
																-0.023 -0.430 8.282
																1.977 -0.430 8.066
