															0 1 2 -1
															0 3 4 -1
															2 3 0 -1
															3 5 4 -1
															6 1 0 -1
															7 1 6 -1
															8 4 9 -1
															8 6 4 -1
															6 0 4 -1
															5 9 4 -1
															6 10 7 -1
															8 10 6 -1
															11 12 13 -1
															11 14 15 -1
															13 14 11 -1
															15 16 17 -1
															14 16 15 -1
															16 18 17 -1
															19 20 21 -1
															12 19 21 -1
															12 11 19 -1
															11 22 19 -1
															15 23 11 -1
															23 22 11 -1
															17 24 15 -1
															24 23 15 -1
															25 17 18 -1
															25 26 17 -1
															26 24 17 -1
															25 27 26 -1
															28 20 19 -1
															29 20 28 -1
															22 30 19 -1
															30 28 19 -1
															2 1 30 -1
															2 30 23 -1
															23 30 22 -1
															3 2 23 -1
															24 3 23 -1
															5 3 24 -1
															5 24 31 -1
															31 24 26 -1
															32 26 27 -1
															31 26 32 -1
															33 29 28 -1
															34 29 33 -1
															30 35 28 -1
															35 33 28 -1
															1 7 35 -1
															30 1 35 -1
															9 36 8 -1
															9 5 31 -1
															9 31 36 -1
															36 31 37 -1
															38 31 32 -1
															37 31 38 -1
															39 34 33 -1
															40 34 39 -1
															35 41 33 -1
															41 39 33 -1
															7 10 42 -1
															7 42 35 -1
															35 42 41 -1
															10 8 36 -1
															10 36 42 -1
															42 36 43 -1
															37 44 36 -1
															44 43 36 -1
															45 37 38 -1
															44 37 45 -1
															39 46 40 -1
															41 46 39 -1
															47 46 41 -1
															42 47 41 -1
															48 47 42 -1
															43 48 42 -1
															49 48 43 -1
															44 49 43 -1
															50 49 44 -1
															45 50 44 -1
															51 52 53 -1
															51 54 55 -1
															53 54 51 -1
															55 56 57 -1
															54 56 55 -1
															56 58 57 -1
															59 60 61 -1
															52 59 61 -1
															51 59 52 -1
															51 12 59 -1
															51 13 12 -1
															14 13 51 -1
															55 14 51 -1
															16 14 55 -1
															57 16 55 -1
															18 62 63 -1
															16 62 18 -1
															16 58 62 -1
															16 57 58 -1
															62 64 63 -1
															65 66 67 -1
															60 65 67 -1
															59 65 60 -1
															59 20 65 -1
															59 21 20 -1
															12 21 59 -1
															18 63 25 -1
															27 68 69 -1
															25 68 27 -1
															25 64 68 -1
															25 63 64 -1
															68 70 69 -1
															71 66 65 -1
															72 66 71 -1
															20 29 71 -1
															65 20 71 -1
															69 73 32 -1
															27 69 32 -1
															74 69 70 -1
															73 69 74 -1
															75 72 71 -1
															76 72 75 -1
															29 34 75 -1
															71 29 75 -1
															73 77 38 -1
															32 73 38 -1
															78 73 74 -1
															77 73 78 -1
															79 76 75 -1
															80 76 79 -1
															34 40 79 -1
															75 34 79 -1
															77 81 45 -1
															38 77 45 -1
															82 77 78 -1
															81 77 82 -1
															79 83 80 -1
															84 85 83 -1
															46 84 83 -1
															46 83 79 -1
															46 79 40 -1
															46 47 86 -1
															84 46 86 -1
															47 48 87 -1
															86 47 87 -1
															48 49 88 -1
															87 48 88 -1
															49 50 89 -1
															88 49 89 -1
															50 90 89 -1
															45 90 50 -1
															45 91 90 -1
															45 81 91 -1
															82 91 81 -1
															84 92 85 -1
															86 92 84 -1
															93 92 86 -1
															87 93 86 -1
															94 93 87 -1
															88 94 87 -1
															95 94 88 -1
															89 95 88 -1
															96 95 89 -1
															90 96 89 -1
															97 98 99 -1
															97 53 52 -1
															97 99 53 -1
															99 100 53 -1
															54 53 101 -1
															53 100 101 -1
															56 54 102 -1
															54 101 102 -1
															58 103 104 -1
															58 56 103 -1
															56 102 103 -1
															103 105 104 -1
															106 107 108 -1
															98 106 108 -1
															97 106 98 -1
															97 60 106 -1
															97 61 60 -1
															52 61 97 -1
															58 104 62 -1
															64 109 110 -1
															62 109 64 -1
															62 105 109 -1
															62 104 105 -1
															109 111 110 -1
															67 107 106 -1
															67 66 107 -1
															66 112 107 -1
															60 67 106 -1
															64 110 68 -1
															110 70 68 -1
															110 111 70 -1
															111 113 70 -1
															66 72 112 -1
															112 72 114 -1
															70 113 74 -1
															113 115 74 -1
															72 76 114 -1
															114 76 116 -1
															74 115 78 -1
															115 117 78 -1
															76 80 116 -1
															116 80 118 -1
															78 117 82 -1
															117 119 82 -1
															80 120 118 -1
															83 120 80 -1
															120 83 85 -1
															121 120 85 -1
															91 122 90 -1
															91 123 122 -1
															91 82 123 -1
															82 119 123 -1
															85 124 121 -1
															92 124 85 -1
															125 126 124 -1
															125 124 93 -1
															93 124 92 -1
															93 94 127 -1
															125 93 127 -1
															94 95 128 -1
															127 94 128 -1
															129 128 95 -1
															129 95 130 -1
															130 95 96 -1
															122 96 90 -1
															122 131 96 -1
															131 130 96 -1
															123 131 122 -1
															125 132 126 -1
															127 132 125 -1
															133 132 127 -1
															128 133 127 -1
															134 133 128 -1
															129 134 128 -1
															99 135 136 -1
															98 135 99 -1
															100 99 137 -1
															99 136 137 -1
															101 100 138 -1
															100 137 138 -1
															102 101 139 -1
															101 138 139 -1
															103 102 140 -1
															102 139 140 -1
															140 105 103 -1
															141 105 140 -1
															108 142 143 -1
															107 142 108 -1
															135 98 108 -1
															143 135 108 -1
															105 141 144 -1
															109 105 144 -1
															144 111 109 -1
															145 111 144 -1
															107 112 142 -1
															142 112 146 -1
															111 145 113 -1
															145 147 113 -1
															148 149 150 -1
															148 150 146 -1
															148 146 114 -1
															114 146 112 -1
															151 152 115 -1
															151 115 147 -1
															147 115 113 -1
															151 153 152 -1
															154 149 148 -1
															155 149 154 -1
															114 116 154 -1
															148 114 154 -1
															152 156 117 -1
															115 152 117 -1
															157 152 153 -1
															156 152 157 -1
															154 158 155 -1
															158 154 116 -1
															158 116 159 -1
															159 116 118 -1
															156 160 161 -1
															156 161 117 -1
															117 161 119 -1
															157 160 156 -1
															118 162 159 -1
															120 162 118 -1
															162 120 121 -1
															163 162 121 -1
															119 161 123 -1
															161 164 123 -1
															121 165 163 -1
															124 165 121 -1
															165 124 126 -1
															166 165 126 -1
															130 167 168 -1
															129 130 168 -1
															131 169 130 -1
															130 169 167 -1
															164 131 123 -1
															169 131 164 -1
															126 170 166 -1
															132 170 126 -1
															133 171 132 -1
															132 171 170 -1
															134 172 133 -1
															133 172 171 -1
															168 134 129 -1
															172 134 168 -1
															136 173 174 -1
															135 173 136 -1
															137 136 175 -1
															136 174 175 -1
															138 137 176 -1
															137 175 176 -1
															139 138 177 -1
															138 176 177 -1
															140 139 178 -1
															139 177 178 -1
															178 141 140 -1
															179 141 178 -1
															143 180 181 -1
															142 180 143 -1
															173 135 143 -1
															181 173 143 -1
															141 179 182 -1
															144 141 182 -1
															182 145 144 -1
															183 145 182 -1
															142 146 180 -1
															180 146 184 -1
															145 183 147 -1
															183 185 147 -1
															150 149 186 -1
															150 186 187 -1
															150 187 146 -1
															146 187 184 -1
															188 151 147 -1
															188 147 189 -1
															189 147 185 -1
															151 188 153 -1
															186 155 190 -1
															149 155 186 -1
															191 187 186 -1
															190 191 186 -1
															192 188 189 -1
															193 192 189 -1
															153 192 157 -1
															188 192 153 -1
															155 158 190 -1
															190 158 159 -1
															190 159 191 -1
															191 159 194 -1
															160 192 193 -1
															160 193 161 -1
															161 193 195 -1
															157 192 160 -1
															159 196 194 -1
															162 196 159 -1
															196 162 163 -1
															197 196 163 -1
															198 199 200 -1
															198 195 199 -1
															198 164 195 -1
															164 161 195 -1
															163 201 197 -1
															165 201 163 -1
															201 165 166 -1
															202 201 166 -1
															167 203 204 -1
															168 167 204 -1
															200 169 198 -1
															200 203 169 -1
															203 167 169 -1
															164 198 169 -1
															166 205 202 -1
															170 205 166 -1
															171 206 170 -1
															170 206 205 -1
															172 207 171 -1
															171 207 206 -1
															204 172 168 -1
															207 172 204 -1
															174 173 208 -1
															209 174 208 -1
															209 210 174 -1
															210 175 174 -1
															176 175 211 -1
															175 210 211 -1
															177 176 212 -1
															176 211 212 -1
															213 212 214 -1
															213 178 212 -1
															178 177 212 -1
															178 213 179 -1
															181 180 215 -1
															181 215 216 -1
															173 181 216 -1
															173 216 217 -1
															173 217 208 -1
															209 208 217 -1
															213 214 218 -1
															219 218 220 -1
															182 218 219 -1
															182 213 218 -1
															182 179 213 -1
															182 219 183 -1
															215 221 222 -1
															215 180 221 -1
															180 184 221 -1
															216 215 222 -1
															219 220 223 -1
															223 183 219 -1
															223 224 183 -1
															224 185 183 -1
															184 187 221 -1
															221 187 225 -1
															185 224 189 -1
															224 226 189 -1
															187 191 225 -1
															225 191 227 -1
															189 226 193 -1
															226 228 193 -1
															191 194 227 -1
															227 194 229 -1
															193 228 195 -1
															228 230 195 -1
															194 231 229 -1
															196 231 194 -1
															231 196 197 -1
															232 231 197 -1
															199 233 234 -1
															200 199 234 -1
															230 199 195 -1
															233 199 230 -1
															197 235 232 -1
															201 235 197 -1
															202 236 237 -1
															202 237 201 -1
															201 237 235 -1
															236 238 239 -1
															237 236 239 -1
															238 240 241 -1
															239 238 241 -1
															240 204 203 -1
															240 203 241 -1
															241 203 242 -1
															234 203 200 -1
															242 203 234 -1
															202 205 236 -1
															206 236 205 -1
															238 236 206 -1
															207 238 206 -1
															240 238 207 -1
															204 240 207 -1
															210 209 243 -1
															210 244 211 -1
															243 244 210 -1
															211 245 212 -1
															244 245 211 -1
															212 245 214 -1
															217 216 246 -1
															217 246 247 -1
															209 217 247 -1
															209 247 248 -1
															209 248 243 -1
															244 243 248 -1
															249 244 248 -1
															245 244 249 -1
															250 245 249 -1
															251 250 252 -1
															218 250 251 -1
															218 245 250 -1
															218 214 245 -1
															218 251 220 -1
															222 221 253 -1
															222 253 254 -1
															216 222 254 -1
															216 254 255 -1
															216 255 246 -1
															247 246 255 -1
															251 252 256 -1
															257 256 258 -1
															223 256 257 -1
															223 251 256 -1
															223 220 251 -1
															223 257 224 -1
															253 225 259 -1
															221 225 253 -1
															260 254 253 -1
															259 260 253 -1
															261 257 258 -1
															262 261 258 -1
															224 261 226 -1
															257 261 224 -1
															259 227 263 -1
															225 227 259 -1
															264 260 259 -1
															263 264 259 -1
															265 261 262 -1
															266 265 262 -1
															226 265 228 -1
															261 265 226 -1
															263 229 267 -1
															227 229 263 -1
															268 264 263 -1
															267 268 263 -1
															269 265 266 -1
															270 269 266 -1
															228 269 230 -1
															265 269 228 -1
															229 231 267 -1
															232 271 272 -1
															231 232 272 -1
															231 272 268 -1
															231 268 267 -1
															271 273 274 -1
															272 271 274 -1
															274 273 275 -1
															276 277 278 -1
															276 279 280 -1
															277 276 280 -1
															270 280 279 -1
															269 270 279 -1
															269 279 234 -1
															269 234 233 -1
															230 269 233 -1
															232 235 271 -1
															237 271 235 -1
															273 271 237 -1
															273 281 275 -1
															273 237 281 -1
															237 239 281 -1
															278 241 276 -1
															278 281 241 -1
															281 239 241 -1
															242 276 241 -1
															279 276 242 -1
															234 279 242 -1
															248 247 282 -1
															248 283 249 -1
															282 283 248 -1
															249 284 250 -1
															283 284 249 -1
															250 284 252 -1
															255 254 285 -1
															255 282 247 -1
															255 285 282 -1
															285 286 282 -1
															283 282 287 -1
															287 282 286 -1
															284 283 288 -1
															288 283 287 -1
															252 289 256 -1
															252 284 289 -1
															284 288 289 -1
															256 289 258 -1
															285 260 290 -1
															254 260 285 -1
															286 285 291 -1
															291 285 290 -1
															292 293 287 -1
															292 287 291 -1
															291 287 286 -1
															288 287 293 -1
															294 288 293 -1
															294 295 296 -1
															294 296 288 -1
															288 296 289 -1
															258 296 262 -1
															289 296 258 -1
															290 264 297 -1
															260 264 290 -1
															291 290 298 -1
															298 290 297 -1
															299 292 291 -1
															299 291 300 -1
															300 291 298 -1
															300 301 302 -1
															299 300 302 -1
															295 302 301 -1
															295 301 296 -1
															296 301 303 -1
															262 303 266 -1
															296 303 262 -1
															297 268 304 -1
															264 268 297 -1
															298 297 305 -1
															305 297 304 -1
															300 298 306 -1
															306 298 305 -1
															301 300 307 -1
															307 300 306 -1
															303 301 308 -1
															308 301 307 -1
															266 308 270 -1
															303 308 266 -1
															268 272 304 -1
															274 304 272 -1
															305 304 274 -1
															275 305 274 -1
															275 309 305 -1
															309 306 305 -1
															277 309 278 -1
															277 307 309 -1
															307 306 309 -1
															280 307 277 -1
															308 307 280 -1
															270 308 280 -1
															275 281 309 -1
															278 309 281 -1
															293 292 310 -1
															293 311 294 -1
															310 311 293 -1
															294 311 295 -1
															292 299 310 -1
															302 310 299 -1
															311 310 302 -1
															295 311 302 -1
